TASK	PID	Vist	Session	Range x	Range y	Range z	Range pitch	Range roll	Range yaw	Max Displacement	Max Scan-to-Scan Displacement	Mean Scan-to-Scan Displacement	Num Scans > 0.5 Voxel Displacement	Num Scans > 5% Global Signal	% of Volumes Repaired
sym2	9129	1	1	0.506416	0.378456	2.018143	0.964659	2.261459	2.094324	2.854617	1.378958	0.206697	0.000000	0.000000	0.226757
sym3	9129	1	1	0.916810	0.941956	4.615501	3.574919	6.529492	2.252115	6.228766	5.813507	0.319621	10.000000	0.000000	2.494331
sym4	9129	1	1	0.472183	1.064270	3.285481	1.430569	5.113630	2.183668	3.609049	3.901011	0.255102	5.000000	0.000000	1.360544
resting	9129	1	1	2.113556	2.990883	4.618725	4.370161	5.857418	4.407847	7.808496	2.397215	0.186067	6.000000	0.000000	0.947226
grid1	9129	1	1	2.740394	2.769684	5.096054	3.384499	13.000097	4.590343	12.214282	10.237028	0.415642	22.000000	5.000000	5.668934
grid3	9129	1	1	1.168198	1.379738	2.828464	4.481444	3.108965	3.697509	5.176737	3.276476	0.227404	6.000000	0.000000	1.587302
sym1	9182	2	1	0.642113	0.597839	1.804970	1.072157	2.250111	0.967020	2.047720	0.811110	0.126763	0.000000	0.000000	0.226757
sym2	9182	2	1	0.429802	0.581726	1.557919	0.642843	1.808395	0.678551	1.991837	0.891686	0.124178	0.000000	0.000000	0.226757
sym3_redo	9182	2	1	1.011345	2.645172	3.067646	1.429552	2.299406	1.050858	3.462675	2.033371	0.258783	1.000000	0.000000	0.453515
sym4	9182	2	1	0.600808	0.830711	2.184059	0.980728	2.314484	0.953756	1.735614	1.556153	0.135106	1.000000	0.000000	0.453515
resting	9182	2	1	0.721931	0.357185	1.638134	0.679844	1.990425	1.057922	2.624494	0.747757	0.125062	0.000000	0.000000	0.135318
grid1	9182	2	1	1.797165	3.245514	5.473289	3.727376	3.836815	1.499855	5.685222	2.932684	0.372822	17.000000	0.000000	4.081633
grid2	9182	2	1	1.747818	4.146827	4.532162	3.162894	4.996720	1.843595	6.975787	3.426656	0.221809	10.000000	0.000000	2.494331
sym1	9225	1	1	4.965133	10.880520	12.703293	4.003015	12.945080	5.612709	16.420510	15.682661	2.448866	249.000000	1.000000	56.689342
sym2	9225	1	1	5.586296	22.339757	13.645450	8.342056	20.956392	6.134136	27.967309	23.607156	3.779827	258.000000	16.000000	59.637188
sym3	9225	1	1	12.316277	22.048513	9.902900	20.251680	23.495504	9.858732	22.847496	21.658482	5.198762	367.000000	60.000000	88.888889
sym4	9225	1	1	8.485978	14.758636	12.464245	12.550801	17.544552	6.406425	16.946422	15.363230	2.033671	176.000000	17.000000	40.362812
resting	9225	1	1	1.109993	9.355232	1.847809	1.206160	7.892881	0.887823	7.192190	7.756164	0.137748	11.000000	0.000000	1.623816
sym1	9225	2	1	0.146049	0.100555	0.487731	0.304151	0.854160	0.269989	0.681972	0.463278	0.071349	0.000000	0.000000	0.226757
sym2	9225	2	1	0.178299	0.259949	0.859691	0.270939	0.754778	0.360672	1.022290	0.357070	0.095750	0.000000	0.000000	0.226757
sym2_redo	9225	2	1	1.439591	3.257362	8.496082	6.345466	7.708659	4.018549	8.369419	7.637953	0.918625	61.000000	9.000000	15.419501
sym3	9225	2	1	1.222183	1.610260	5.462883	2.564221	6.397541	2.849474	7.732386	2.963388	0.302407	13.000000	0.000000	3.174603
sym3_redo	9225	2	1	0.729080	1.205436	6.428475	3.632181	8.155817	1.555153	5.798942	4.360428	0.382797	15.000000	0.000000	3.628118
sym4	9225	2	1	1.478012	2.101890	10.812977	4.690588	5.800255	3.191921	8.250759	5.658923	0.512083	28.000000	7.000000	7.482993
sym4_redo	9225	2	1	1.356346	1.991279	9.537632	3.347431	10.940787	5.030716	11.234703	9.547481	0.671559	50.000000	7.000000	12.925170
resting	9225	2	1	0.747460	1.275421	6.616123	1.001225	4.878578	1.294418	8.094694	5.308228	0.232736	7.000000	0.000000	1.082544
sym1	9304	1	1	3.499962	3.148911	6.376640	9.437871	15.564859	10.485921	12.839043	14.498564	1.225955	109.000000	13.000000	25.623583
sym2	9304	1	1	3.465836	4.689087	7.201038	9.425430	13.975330	5.192203	12.829493	11.123445	1.463712	160.000000	127.000000	57.596372
sym4	9304	1	1	7.238037	11.750580	5.816360	7.406672	5.398941	3.160250	7.321293	10.655001	1.330294	143.000000	29.000000	34.920635
resting	9304	1	1	3.365387	1.306862	2.775947	15.986001	8.701675	11.763097	14.995790	13.755834	0.393970	37.000000	2.000000	5.142084
sym1	9304	2	1	5.882561	6.588142	8.432320	14.284205	11.037988	12.620106	8.985485	8.329589	1.646675	191.000000	22.000000	44.217687
resting	9304	2	1	2.311402	4.991310	6.242875	5.965788	12.598881	3.312116	12.998398	11.511916	0.655673	77.000000	3.000000	10.690122
sym1	9304	2	2	10.936126	21.516066	28.252680	19.805501	26.103625	14.919800	30.039612	30.825014	2.618409	173.000000	98.000000	49.659864
sym2	9304	2	2	4.899903	19.002621	19.910870	5.266027	23.525275	5.493306	24.764876	20.360975	2.839095	205.000000	300.000000	83.673469
sym3	9304	2	2	7.350540	11.801659	11.348194	5.226188	14.039444	8.515249	18.339903	20.115009	2.480967	189.000000	49.000000	45.578231
sym4	9304	2	2	1.888428	6.748192	7.864517	9.339053	13.302235	3.926568	11.058020	6.910641	0.472185	18.000000	11.000000	6.122449
resting	9304	2	2	1.911736	3.205536	2.255562	0.900860	3.230073	1.980728	3.655371	1.895151	0.260493	2.000000	0.000000	0.405954
sym1	9380	2	1	1.026443	1.706963	9.612369	1.254427	5.437458	2.285830	8.393543	5.269716	0.224447	6.000000	4.000000	2.040816
sym2	9380	2	1	5.390183	3.364037	8.287072	4.179770	5.873715	6.755800	7.959804	8.293120	1.461796	148.000000	10.000000	34.013605
sym3	9380	2	1	5.019135	6.281502	19.740453	4.398161	18.850667	4.538173	17.382175	9.897179	0.812080	72.000000	15.000000	17.233560
sym4	9380	2	1	10.050660	9.086769	12.535764	11.656063	14.224800	7.381499	14.282276	15.568574	2.089211	228.000000	13.000000	52.154195
resting	9380	2	1	8.128319	7.178200	22.803176	11.312695	24.940257	16.569034	24.995982	29.177410	1.678754	163.000000	171.000000	38.430311
sym1	9380	1	1	1.136391	1.682549	1.994892	2.511263	4.896122	1.740388	5.654112	3.704703	0.168323	8.000000	0.000000	2.040816
sym2	9380	1	1	2.153167	3.355186	9.464920	3.103590	9.691096	3.568035	12.332336	8.920052	0.302497	17.000000	5.000000	4.081633
sym3	9380	1	1	1.132264	0.849282	2.450310	2.342821	2.531023	4.547792	3.772246	2.506253	0.182382	10.000000	0.000000	2.494331
sym4	9380	1	1	1.407989	4.871094	6.024028	3.657844	18.599077	4.910284	19.816697	10.344240	0.370427	22.000000	9.000000	6.122449
resting	9380	1	1	0.779640	1.625572	1.559670	3.595307	3.869966	1.834405	4.207979	3.976431	0.124892	5.000000	0.000000	0.811908
sym1	9434	2	1	0.403473	0.540955	1.390553	0.251282	1.153223	0.928520	1.268251	1.757629	0.078855	1.000000	0.000000	0.453515
sym2	9434	2	1	1.800125	0.569687	3.917458	1.175106	1.748228	4.095673	4.870961	2.392876	0.206961	2.000000	1.000000	0.907029
sym3	9434	2	1	0.907746	0.973175	2.718868	0.505659	2.348390	2.122719	3.068423	2.484815	0.133151	2.000000	0.000000	0.680272
sym4	9434	2	1	1.423638	2.503197	5.072200	0.895445	4.747954	2.722771	4.699680	3.977642	0.335702	9.000000	1.000000	2.494331
resting	9434	2	1	0.731415	0.354309	1.606377	0.167416	0.818260	1.351476	1.807376	1.250934	0.069525	0.000000	0.000000	0.135318
grid1	9434	2	1	2.931549	0.660766	3.366959	1.783804	3.439282	7.647462	8.916745	4.844065	0.147836	4.000000	0.000000	1.133787
grid2	9434	2	1	4.027595	1.390754	4.781101	2.842848	6.329021	10.435091	8.596441	7.304153	0.351216	12.000000	1.000000	2.947846
sym1_redo	9099	2	1	1.107140	1.680412	4.696633	1.396141	6.418046	1.574515	5.020734	2.536440	0.352004	9.000000	2.000000	2.494331
sym2	9099	2	1	2.651924	2.169662	5.880882	5.404362	7.065168	2.401527	8.327201	7.559231	0.541196	25.000000	0.000000	5.895692
sym3	9099	2	1	0.404220	0.769996	2.670933	1.693628	3.523712	1.188313	3.553132	2.629244	0.188810	2.000000	0.000000	0.680272
sym4	9099	2	1	0.627373	1.092651	3.902031	1.408918	2.711527	0.962949	3.279189	2.199471	0.237731	2.000000	0.000000	0.680272
resting	9099	2	1	0.386124	0.639877	1.188595	0.347117	1.658463	0.567125	2.055712	1.063012	0.105497	0.000000	0.000000	0.135318
sym1_redo	9099	2	1	1.107140	1.680412	4.696633	1.396141	6.418046	1.574515	5.020734	2.536440	0.352004	9.000000	2.000000	2.494331
sym2	9099	2	1	2.651924	2.169662	5.880882	5.404362	7.065168	2.401527	8.327201	7.559231	0.541196	25.000000	0.000000	5.895692
sym3	9099	2	1	0.404220	0.769996	2.670933	1.693628	3.523712	1.188313	3.553132	2.629244	0.188810	2.000000	0.000000	0.680272
sym4	9099	2	1	0.627373	1.092651	3.902031	1.408918	2.711527	0.962949	3.279189	2.199471	0.237731	2.000000	0.000000	0.680272
resting	9099	2	1	0.386124	0.639877	1.188595	0.347117	1.658463	0.567125	2.055712	1.063012	0.105497	0.000000	0.000000	0.135318
sym2	9120	1	1	3.740150	1.913322	3.976559	6.988458	5.433081	6.023264	9.940628	7.421975	0.254360	10.000000	0.000000	2.494331
sym2_redo	9120	1	1	1.298042	0.909683	3.121761	3.048274	5.648735	2.048561	5.119826	2.942088	0.277898	5.000000	1.000000	1.360544
sym3	9120	1	1	0.650253	1.114349	4.026828	1.220146	2.457001	1.151331	3.540176	1.515509	0.205875	1.000000	0.000000	0.453515
sym4	9120	1	1	3.625626	2.355149	2.028938	6.004812	5.059592	5.298647	7.717732	5.430498	0.640784	23.000000	1.000000	5.442177
sym4_redo	9120	1	1	0.972656	1.153099	7.245407	2.265103	7.776645	2.778315	7.621439	4.885150	0.328854	17.000000	1.000000	4.081633
resting	9120	1	1	0.850235	4.657082	1.447292	1.828026	12.618499	1.948263	13.827141	7.327726	0.133453	8.000000	0.000000	1.217862
grid1	9120	1	1	0.725997	0.633385	6.418061	2.123911	8.793716	1.127571	9.327453	4.246235	0.212938	8.000000	3.000000	2.267574
sym1	9120	2	1	0.135452	0.141365	0.999958	0.457130	1.456186	0.459278	1.226788	0.866556	0.104734	0.000000	0.000000	0.226757
sym2	9120	2	1	0.389092	0.517540	3.353855	0.590443	2.666700	1.166605	3.235713	2.417080	0.204797	6.000000	0.000000	1.587302
sym3	9120	2	1	0.233520	0.717643	1.436763	0.316177	1.582508	0.369629	1.568675	1.748619	0.083262	1.000000	0.000000	0.453515
sym4_redo	9120	2	1	0.248741	1.083863	1.496033	0.489671	2.338579	0.515318	2.532567	1.467084	0.083108	0.000000	0.000000	0.226757
resting	9120	2	1	0.157516	0.174904	1.180717	0.142369	0.670866	0.254177	1.182224	0.940571	0.102323	0.000000	0.000000	0.135318
grid1	9120	2	1	0.693115	3.207962	3.256115	1.304745	10.836286	1.561738	9.061855	5.723986	0.309552	11.000000	1.000000	2.721088
sym1	9145	1	1	1.570435	0.754555	3.091583	1.498319	2.143358	0.876028	3.025897	2.672768	0.093907	1.000000	0.000000	0.453515
sym1_redo	9145	1	1	0.317894	0.226532	0.671180	0.336672	0.779945	0.302499	0.900377	0.305959	0.074463	0.000000	0.000000	0.226757
sym2	9145	1	1	0.183143	0.320610	0.433796	0.264539	1.371954	0.371581	1.507972	0.832511	0.064274	0.000000	0.000000	0.226757
sym3	9145	1	1	0.183770	0.199310	0.487747	0.388705	0.490370	0.300901	0.515120	0.251956	0.053731	0.000000	0.000000	0.226757
sym4	9145	1	1	0.206001	0.267044	0.609906	0.155621	0.383219	0.204621	0.508351	0.170174	0.058803	0.000000	0.000000	0.226757
resting	9145	1	1	1.476104	1.377854	2.652240	2.058865	4.649779	1.694651	5.864481	2.022941	0.124124	1.000000	0.000000	0.270636
grid1	9145	1	1	0.228081	0.181999	1.003791	0.348915	0.518587	0.190328	0.588717	0.393274	0.065222	0.000000	0.000000	0.226757
grid2	9145	1	1	0.183792	0.379685	1.511043	0.306522	2.019047	0.531025	2.066860	1.531817	0.093123	1.000000	0.000000	0.453515
grid3	9145	1	1	0.325866	0.375969	1.713856	0.566683	1.729704	0.676662	1.623011	0.672250	0.086338	0.000000	0.000000	0.226757
sym1	9145	2	1	0.019997	0.032036	0.075741	0.024666	0.045259	0.017298	0.095272	0.059222	0.015194	0.000000	0.000000	4.166667
sym1_redo	9145	2	1	0.165192	0.079048	0.338821	0.121415	0.316822	0.149173	0.441262	0.186343	0.056214	0.000000	0.000000	0.226757
sym2	9145	2	1	0.205833	0.112297	0.865048	0.171688	0.459684	0.242733	0.863578	0.488229	0.054357	0.000000	0.000000	0.226757
sym3	9145	2	1	0.094277	0.065056	0.370445	0.122463	0.256249	0.182066	0.370517	0.147041	0.051198	0.000000	0.000000	0.226757
sym4	9145	2	1	0.075455	0.061485	0.320503	0.109003	0.281414	0.151999	0.355423	0.162046	0.044825	0.000000	0.000000	0.226757
resting	9145	2	1	0.062187	0.090081	0.351474	0.083752	0.256035	0.197712	0.334913	0.158703	0.047804	0.000000	0.000000	0.135318
grid1	9145	2	1	0.265351	0.537460	0.845017	0.255647	0.811808	0.456999	1.076313	0.461718	0.069689	0.000000	0.000000	0.226757
grid2	9145	2	1	0.096458	0.162788	0.268611	0.166126	0.248773	0.201580	0.260958	0.157174	0.053170	0.000000	0.000000	0.226757
grid3	9145	2	1	0.195710	0.318146	0.390487	0.209490	0.581871	0.329275	0.752514	0.496456	0.078124	0.000000	0.000000	0.226757
grid4	9145	2	1	0.275878	0.294723	0.938828	0.318623	0.762836	0.384636	1.101382	0.600254	0.105112	0.000000	0.000000	0.226757
sym1	9206	1	1	6.127929	3.671158	8.031944	7.059188	6.385929	3.014276	10.478977	7.917059	0.479215	27.000000	0.000000	6.349206
sym2	9206	1	1	1.090568	3.966583	5.736992	4.339623	14.954401	1.154831	12.486948	7.767729	0.245994	15.000000	0.000000	3.628118
sym3	9206	1	1	0.540223	1.873085	2.165169	1.406942	3.696981	1.268461	4.507807	3.038149	0.249430	1.000000	0.000000	0.453515
sym4	9206	1	1	0.305527	1.240211	2.452179	0.763256	3.839550	1.145515	4.553965	2.941151	0.130473	3.000000	0.000000	0.907029
resting	9206	1	1	0.229950	0.393654	1.858071	0.597182	2.526037	0.940266	3.031929	0.974581	0.133021	0.000000	0.000000	0.135318
sym1	9206	2	1	0.670021	0.380577	0.938038	1.302378	0.815266	0.630293	1.552159	1.096558	0.084582	0.000000	0.000000	0.226757
sym2	9206	2	1	0.372101	0.474419	2.310901	0.339584	0.634871	0.430084	1.371520	1.234980	0.089257	0.000000	0.000000	0.226757
sym3	9206	2	1	0.839440	2.262878	6.905358	0.988360	4.783266	2.492498	6.603869	4.772816	0.306543	5.000000	11.000000	3.401361
sym4	9206	2	1	0.235993	0.351150	1.811932	1.597534	1.933338	1.955841	2.955554	2.693412	0.088915	2.000000	0.000000	0.680272
resting	9206	2	1	0.676437	1.870606	1.885293	0.643789	9.039514	0.550078	9.033391	5.833292	0.129835	6.000000	0.000000	0.947226
sym1	9210	1	1	1.029884	1.818413	1.271714	1.134060	1.573158	0.948044	2.528461	1.183796	0.132000	0.000000	0.000000	0.226757
sym2	9210	1	1	1.502418	1.790031	0.831062	1.076925	1.597834	1.384872	2.916099	1.673436	0.148806	1.000000	0.000000	0.453515
sym3	9210	1	1	0.777320	1.026024	0.684345	0.438706	0.985930	0.842908	1.840849	0.712486	0.092414	0.000000	0.000000	0.226757
sym4	9210	1	1	0.837983	1.579918	0.472859	0.548342	1.397230	0.819141	2.207079	0.740821	0.121099	0.000000	0.000000	0.226757
resting	9210	1	1	3.402817	2.977944	2.293091	3.260393	2.993956	3.439030	4.158240	2.902720	0.194467	11.000000	0.000000	1.623816
grid1	9210	1	1	0.789520	0.578254	2.306275	1.209820	1.381470	2.452706	2.172835	2.002769	0.131562	3.000000	0.000000	0.907029
grid2	9210	1	1	0.581611	0.394585	0.859169	1.229057	0.971636	1.388798	1.631384	1.488970	0.097768	0.000000	0.000000	0.226757
grid3	9210	1	1	0.282150	0.136467	0.300003	0.350794	0.301477	0.512445	0.503035	0.460709	0.075078	0.000000	0.000000	0.226757
grid4	9210	1	1	0.183304	0.152375	0.453106	0.178316	0.326414	0.474360	0.395267	0.374508	0.070529	0.000000	0.000000	0.226757
sym1	9210	2	1	0.284912	0.176293	0.574925	0.699584	0.577654	0.624855	0.831308	0.451341	0.071479	0.000000	0.000000	0.226757
sym2	9210	2	1	0.996987	0.300766	1.185337	3.325680	2.123430	2.333212	4.152421	1.572090	0.167058	1.000000	0.000000	0.453515
sym3	9210	2	1	0.310646	0.360413	0.941330	1.468797	3.415082	1.345278	4.227617	1.699996	0.164907	2.000000	0.000000	0.680272
sym4	9210	2	1	0.308342	0.265518	0.684673	1.628461	3.290054	1.174301	4.104369	1.288067	0.152283	0.000000	0.000000	0.226757
resting	9210	2	1	0.210510	0.182732	0.467102	0.180015	0.384308	0.348156	0.347605	0.292504	0.061175	0.000000	0.000000	0.135318
grid1	9210	2	1	0.387100	0.178115	0.385013	0.817358	0.464670	0.391518	0.965766	0.382985	0.059807	0.000000	0.000000	0.226757
grid2	9210	2	1	0.122207	0.153221	0.453389	0.209843	0.346294	0.340061	0.445928	0.295728	0.064048	0.000000	0.000000	0.226757
grid3	9210	2	1	0.091934	0.107827	0.308430	0.137540	0.487779	0.251392	0.469686	0.232236	0.066998	0.000000	0.000000	0.226757
grid4	9210	2	1	0.692345	0.336929	1.833851	1.241554	1.295156	0.827705	2.159502	1.189931	0.081964	0.000000	0.000000	0.226757
sym1	9265	1	1	6.876389	12.793649	4.919537	10.235721	2.803291	7.144005	11.479240	12.751186	1.523930	179.000000	63.000000	47.845805
sym2	9265	1	1	0.454727	1.044548	2.916100	1.326551	5.857913	2.202791	6.597088	3.566823	0.350098	10.000000	0.000000	2.494331
sym3	9265	1	1	0.699974	3.333610	4.022457	3.844548	10.534833	3.163151	9.357341	5.608323	0.540093	16.000000	2.000000	3.854875
sym4	9265	1	1	0.144623	0.223061	0.514630	0.178974	0.911493	0.384672	0.826063	0.387273	0.056411	0.000000	0.000000	0.226757
resting	9265	1	1	11.829216	34.666752	7.681507	12.673676	17.764178	5.259888	26.898640	21.710129	1.757965	241.000000	211.000000	50.338295
sym1_redo	9265	1	2	0.341377	0.371887	1.151223	0.416946	2.827282	0.869187	2.278094	0.959751	0.129485	0.000000	0.000000	0.226757
sym2_redo	9265	1	2	0.624412	0.857415	2.545529	1.539063	5.736633	1.322613	3.339077	2.332425	0.245523	2.000000	1.000000	0.907029
sym3_redo	9265	1	2	0.341652	0.860489	1.155182	0.479995	4.538189	0.901243	5.133527	2.539522	0.173526	1.000000	0.000000	0.453515
sym4_redo	9265	1	2	0.318154	0.269790	1.411945	1.002385	1.610241	1.316159	1.469108	1.759265	0.089257	2.000000	0.000000	0.680272
sym1	9289	1	1	0.305687	0.126808	0.799175	0.474644	1.195761	0.480947	1.487909	0.344200	0.064124	0.000000	0.000000	0.226757
sym2	9289	1	1	0.323616	0.154869	0.521038	0.233829	0.748253	0.547800	1.035516	0.253022	0.057573	0.000000	0.000000	0.226757
sym3	9289	1	1	0.376999	0.266731	0.651322	0.310963	0.888342	0.356156	0.967663	0.502971	0.062928	0.000000	0.000000	0.226757
sym4_redo	9289	1	1	0.626663	1.323799	3.302414	1.770714	4.681310	1.206907	4.803368	2.444430	0.159701	5.000000	0.000000	1.360544
resting	9289	1	1	0.322480	0.380089	2.593483	0.951894	1.710996	0.649387	3.240534	0.614352	0.091655	0.000000	0.000000	0.135318
sym1	9289	2	1	1.009896	0.685600	3.479992	3.104988	2.726948	1.741036	4.450939	1.808350	0.142593	3.000000	0.000000	0.907029
sym1_redo	9289	2	1	0.161637	0.230964	1.053044	0.316559	0.640691	0.301092	1.098221	0.376271	0.060711	0.000000	0.000000	0.226757
sym2	9289	2	1	0.440193	0.490501	1.428810	0.413438	1.164196	0.886955	1.342349	0.719631	0.090608	0.000000	0.000000	0.226757
sym3	9289	2	1	0.314873	0.644150	2.066338	0.365339	2.071964	0.512881	2.689556	0.582855	0.129840	0.000000	0.000000	0.226757
sym4	9289	2	1	0.296402	0.370636	0.821678	0.262081	1.061458	0.374878	1.126086	0.405847	0.065457	0.000000	0.000000	0.226757
resting	9289	2	1	2.394356	1.780052	5.256657	5.364116	7.228321	6.403194	6.612887	6.158382	0.232752	18.000000	0.000000	2.571042
grid1	9289	2	1	0.342873	0.359894	1.362614	0.443311	1.831274	0.550749	1.539108	1.029171	0.092471	0.000000	0.000000	0.226757
grid2	9289	2	1	0.729805	1.528099	3.233280	0.979946	3.187954	1.331163	3.363192	1.123669	0.143442	0.000000	0.000000	0.226757
grid3	9289	2	1	0.332031	0.289970	1.771393	0.348942	1.159287	0.556334	1.549690	0.586254	0.091884	0.000000	0.000000	0.226757
grid4	9289	2	1	0.800720	1.444481	3.349716	4.058569	7.363690	3.836836	7.495310	6.399960	0.339184	8.000000	0.000000	2.040816
sym1	9407	1	1	0.367950	0.425056	2.320534	0.518967	1.590055	1.416332	1.547541	0.905054	0.110112	0.000000	0.000000	0.226757
sym2	9407	1	1	9.702774	6.355850	12.095169	24.045016	11.448287	7.759308	18.416147	13.396217	1.743522	152.000000	28.000000	36.507937
sym2_redo	9407	1	1	10.080529	10.271019	17.734426	9.177647	21.495371	15.998605	20.660488	19.520554	2.588968	162.000000	89.000000	43.537415
sym3	9407	1	1	0.459686	0.829407	8.243515	1.090248	5.187347	3.302665	8.239789	3.611612	0.245889	8.000000	0.000000	2.040816
sym3_redo	9407	1	1	1.052254	1.353057	2.872329	2.153790	5.872843	2.848276	5.841381	2.863096	0.453540	12.000000	1.000000	2.947846
sym4	9407	1	1	1.558098	1.951431	8.793121	2.772680	10.094909	3.551124	7.893505	7.292634	0.774593	54.000000	6.000000	13.378685
sym4_redo	9407	1	1	3.509453	3.642495	8.307342	5.746615	10.621097	5.988350	9.230413	7.067270	1.527457	159.000000	6.000000	36.281179
resting	9407	1	1	1.590439	1.082100	6.717132	1.515764	5.081013	5.561542	5.784298	4.775154	0.265449	10.000000	0.000000	1.488498
sym1	9407	2	1	1.658112	1.791801	5.690193	3.735464	10.853238	6.433438	8.048903	6.068986	0.549923	37.000000	1.000000	8.616780
sym1_redo	9407	2	1	1.044823	1.346253	10.425709	1.699259	11.470053	4.643111	12.419489	9.592435	0.682903	37.000000	1.000000	8.616780
sym2	9407	2	1	1.985428	2.545463	12.699661	4.223726	17.029371	6.724315	11.118016	8.189400	0.702158	58.000000	13.000000	13.832200
sym2_redo	9407	2	1	0.581917	0.767243	3.153759	1.095530	8.458622	2.060602	5.428223	2.017613	0.384924	6.000000	0.000000	1.587302
sym3	9407	2	1	3.633979	3.011131	8.738124	6.737225	9.613365	5.756375	10.033670	9.300769	0.921556	61.000000	7.000000	14.058957
sym3_redo	9407	2	1	2.408493	1.743927	12.006871	1.998655	11.410905	5.587632	13.551356	10.141229	0.436219	23.000000	3.000000	5.668934
sym4	9407	2	1	1.395103	2.128273	6.222374	2.012377	8.666649	2.994617	6.176310	4.733920	0.578918	44.000000	1.000000	10.430839
resting	9407	2	1	1.954582	0.824295	4.958115	1.686941	7.828222	4.330214	8.726891	5.589672	0.167652	12.000000	1.000000	1.894452
sym1	9430	2	1	0.445381	1.410286	1.118679	0.707979	2.133944	0.594984	1.655340	1.540242	0.073831	1.000000	0.000000	0.453515
sym2	9430	2	1	0.190407	0.692756	0.634468	0.184916	0.875473	0.354491	0.742529	0.580199	0.086813	0.000000	0.000000	0.680272
sym3	9430	2	1	0.108100	0.191139	0.285785	0.141321	0.439466	0.166450	0.393888	0.446032	0.046120	0.000000	0.000000	0.226757
sym4	9430	2	1	0.047074	0.037133	0.247429	0.048227	0.102013	0.098441	0.248496	0.123359	0.036376	0.000000	0.000000	0.226757
resting	9430	2	1	0.248207	0.480354	0.609303	0.482539	0.776657	0.419433	0.688958	0.740929	0.051694	0.000000	0.000000	0.135318
grid1	9430	2	1	0.573364	2.577003	1.787407	1.226841	3.890310	1.069851	3.148278	2.076187	0.107020	3.000000	0.000000	0.907029
grid2	9430	2	1	1.535866	1.622849	1.768016	2.171392	2.775049	2.099382	3.548841	3.985048	0.108384	4.000000	0.000000	1.133787
sym1	9434	1	1	0.205864	0.646957	0.528869	0.460470	1.647869	0.381125	1.798853	1.018988	0.067947	0.000000	0.000000	0.226757
sym2	9434	1	1	0.162369	0.179161	0.881504	0.358478	0.722572	0.527487	0.797200	0.526250	0.071743	0.000000	0.000000	0.226757
sym4	9434	1	1	0.374550	0.594918	1.684162	0.483660	1.436203	0.683538	1.746213	1.068481	0.086102	0.000000	0.000000	0.226757
resting	9434	1	1	3.488579	1.033592	6.552891	3.432092	2.692175	8.614340	12.160441	10.867437	0.095228	3.000000	0.000000	0.541272
grid1	9434	1	1	2.396759	0.954666	1.613769	5.440113	2.957590	2.551241	4.645140	5.705913	0.321043	26.000000	1.000000	6.122449
grid2	9434	1	1	2.662590	0.966209	1.419331	2.965216	2.557936	2.024185	3.487233	4.924883	0.220273	7.000000	0.000000	1.814059
sym1	9434	2	1	0.403473	0.540955	1.390553	0.251282	1.153223	0.928520	1.268251	1.757629	0.078855	1.000000	0.000000	0.453515
sym2	9434	2	1	1.800125	0.569687	3.917458	1.175106	1.748228	4.095673	4.870961	2.392876	0.206961	2.000000	1.000000	0.907029
sym3	9434	2	1	0.907746	0.973175	2.718868	0.505659	2.348390	2.122719	3.068423	2.484815	0.133151	2.000000	0.000000	0.680272
sym4	9434	2	1	1.423638	2.503197	5.072200	0.895445	4.747954	2.722771	4.699680	3.977642	0.335702	9.000000	1.000000	2.494331
resting	9434	2	1	0.731415	0.354309	1.606377	0.167416	0.818260	1.351476	1.807376	1.250934	0.069525	0.000000	0.000000	0.135318
grid1	9434	2	1	2.931549	0.660766	3.366959	1.783804	3.439282	7.647462	8.916745	4.844065	0.147836	4.000000	0.000000	1.133787
grid2	9434	2	1	4.027595	1.390754	4.781101	2.842848	6.329021	10.435091	8.596441	7.304153	0.351216	12.000000	1.000000	2.947846
sym1	9492	1	1	0.195656	0.199204	0.345341	0.234485	0.560556	0.383423	0.465054	0.422002	0.116046	0.000000	0.000000	0.226757
sym2	9492	1	1	0.139420	0.166848	0.171833	0.125614	0.338543	0.238041	0.279520	0.245280	0.047843	0.000000	0.000000	0.226757
sym3	9492	1	1	0.304756	0.429375	0.408348	0.533840	0.823509	0.574041	1.131789	0.455278	0.058633	0.000000	0.000000	0.226757
sym4	9492	1	1	0.140747	0.282364	0.341210	0.238487	0.411627	0.282221	0.506472	0.240332	0.054656	0.000000	0.000000	0.226757
resting	9492	1	1	0.374207	0.890915	2.229336	0.424060	2.701496	0.582941	3.770556	0.445088	0.083069	0.000000	0.000000	0.135318
grid1	9492	1	1	0.135955	0.204056	0.334168	0.094356	0.290724	0.187568	0.365883	0.198918	0.050093	0.000000	0.000000	0.226757
grid2	9492	1	1	0.127838	0.153717	0.252445	0.094846	0.165674	0.262579	0.239562	0.241142	0.043215	0.000000	0.000000	0.226757
grid3	9492	1	1	0.340302	0.534782	1.073388	0.138423	0.996906	0.377399	1.387445	0.485077	0.051709	0.000000	0.000000	0.226757
grid4	9492	1	1	0.181168	0.452995	0.851677	0.388462	1.052139	0.334352	1.118324	0.614608	0.054841	0.000000	0.000000	0.226757
sym1	9492	2	1	0.251861	0.270745	0.277347	0.118324	0.409391	0.174162	0.462914	0.510602	0.052055	0.000000	0.000000	0.226757
sym2	9492	2	1	0.156914	0.385795	0.416458	0.156580	0.480625	0.171595	0.489622	0.332411	0.058048	0.000000	0.000000	0.226757
sym3	9492	2	1	0.096382	0.298462	0.128350	0.071596	0.427671	0.090529	0.433656	0.162930	0.035200	0.000000	0.000000	0.226757
sym4	9492	2	1	0.128640	0.173592	0.165031	0.090797	0.175200	0.122750	0.249962	0.219841	0.056189	0.000000	0.000000	0.226757
resting	9492	2	1	0.334061	0.909432	3.109531	0.426394	1.861420	0.274466	3.812395	1.617121	0.133055	5.000000	0.000000	0.811908
grid1	9492	2	1	0.104149	0.162697	0.424271	0.146748	0.233921	0.386168	0.332314	0.306530	0.062238	0.000000	0.000000	0.226757
grid2	9492	2	1	0.158966	0.261208	0.407440	0.299036	0.989063	0.292030	1.042128	0.262858	0.058372	0.000000	0.000000	0.226757
grid3	9492	2	1	0.092682	0.220962	0.388855	0.128836	0.721741	0.229105	0.720822	0.281653	0.068244	0.000000	0.000000	0.226757
grid4	9492	2	1	0.112839	0.179146	0.295334	0.208542	0.506582	0.272078	0.487576	0.217951	0.062326	0.000000	0.000000	0.226757
sym1	9496	1	1	0.838745	1.292045	2.408134	0.658474	1.975990	1.258700	2.192978	2.006917	0.130629	1.000000	0.000000	0.453515
sym2	9496	1	1	0.638641	0.527230	2.163762	0.465095	0.968704	0.874451	1.941463	0.660240	0.108737	0.000000	0.000000	0.226757
sym3	9496	1	1	1.490776	2.452225	2.990376	1.469963	6.516516	1.855436	6.807953	2.073582	0.201703	5.000000	0.000000	1.360544
sym3_redo	9496	1	1	0.654969	1.129387	1.988003	0.740650	2.218134	0.908966	1.815637	1.463897	0.129900	0.000000	0.000000	0.226757
sym4	9496	1	1	1.836304	3.608933	4.850754	1.574693	6.685126	3.340294	8.543632	2.840069	0.201118	8.000000	0.000000	2.040816
sym4_redo	9496	1	1	0.656617	2.228630	3.181907	1.079556	3.949478	1.144617	4.965050	2.310315	0.216686	6.000000	0.000000	1.587302
resting	9496	1	1	0.198204	0.686493	1.517048	0.517317	0.889556	0.340006	1.051693	1.255031	0.072877	0.000000	0.000000	0.135318
grid1	9496	1	1	1.674675	4.755058	3.805336	1.560610	9.571996	3.259695	11.680508	2.736701	0.204943	6.000000	0.000000	1.587302
grid2	9496	1	1	0.438492	1.321869	3.273735	0.476883	2.685665	0.720237	3.605741	1.854840	0.113710	2.000000	0.000000	0.680272
sym1	9002	2	1	0.183220	1.204994	2.712353	0.475200	1.763653	0.764263	3.076971	1.424716	0.077058	0.000000	0.000000	0.226757
sym2	9002	2	1	0.044808	0.212692	0.418087	0.255582	0.550720	0.203700	0.516440	0.227045	0.045098	0.000000	0.000000	0.226757
sym3	9002	2	1	0.112793	0.304496	0.555721	0.176389	0.638872	0.332581	0.617532	0.325954	0.052861	0.000000	0.000000	0.226757
sym4	9002	2	1	0.153839	0.465027	0.629753	0.662293	1.082493	0.451818	1.184979	0.582745	0.056034	0.000000	0.000000	0.226757
resting	9002	2	1	0.183303	0.134987	0.244976	0.171629	0.439369	0.537901	0.641258	0.205350	0.052939	0.000000	0.000000	0.135318
grid1	9002	2	1	0.364800	0.793831	3.697147	0.718308	1.469902	1.302567	3.724627	1.566620	0.155537	1.000000	0.000000	0.453515
grid2	9002	2	1	0.828911	2.610481	4.356472	1.432739	4.437233	2.504837	6.763893	2.087599	0.259953	11.000000	0.000000	2.721088
grid3	9002	2	1	1.344025	2.026169	6.124024	1.450783	5.301006	5.566411	7.588027	2.677449	0.170059	7.000000	0.000000	1.814059
sym1	9051	2	1	0.078071	0.202667	0.577495	0.072784	0.264114	0.220156	0.606292	0.142310	0.052665	0.000000	0.000000	0.226757
sym3	9051	2	1	0.066903	0.117454	0.454251	0.109993	0.271687	0.227545	0.481883	0.185808	0.054806	0.000000	0.000000	0.226757
sym4	9051	2	1	0.076256	0.265823	0.383041	0.107017	0.882210	0.419699	0.926867	0.680087	0.043980	0.000000	0.000000	0.226757
resting	9051	2	1	0.106194	0.558487	1.016438	0.175921	1.599382	0.368088	2.024383	0.317647	0.061775	0.000000	0.000000	0.135318
grid1	9051	2	1	0.038780	0.076591	0.196812	0.073889	0.287847	0.162619	0.279606	0.150643	0.038503	0.000000	0.000000	0.226757
grid2	9051	2	1	0.041145	0.075226	0.104523	0.094908	0.190388	0.121261	0.225300	0.094757	0.039513	0.000000	0.000000	0.226757
grid3	9051	2	1	0.043328	0.447533	0.239785	0.207964	0.465469	0.219305	0.573643	0.351243	0.043863	0.000000	0.000000	0.226757
sym1	9051	1	1	0.099579	0.347488	0.386986	0.116922	0.812664	0.202305	0.657221	0.349220	0.045281	0.000000	0.000000	0.226757
sym2	9051	1	1	1.107811	7.167061	2.908295	2.029549	8.027029	2.061209	10.648969	8.775450	0.169154	11.000000	6.000000	2.721088
sym3	9051	1	1	0.068748	0.127250	0.169998	0.098999	0.221251	0.144447	0.214203	0.120403	0.044279	0.000000	0.000000	0.226757
sym4	9051	1	1	0.079765	0.155823	0.165650	0.111395	0.296238	0.105141	0.276092	0.104209	0.043105	0.000000	0.000000	0.226757
resting	9051	1	1	0.107635	0.562157	0.887398	0.181592	1.577553	0.233694	1.953570	1.100079	0.055667	0.000000	0.000000	0.135318
grid1	9051	1	1	0.159927	0.270127	2.058472	0.141678	0.985962	0.544061	2.222711	1.361971	0.059887	0.000000	0.000000	0.226757
grid2	9051	1	1	0.147484	1.801278	5.515705	0.491253	4.248901	0.520435	5.904144	4.433733	0.090947	5.000000	0.000000	1.360544
sym1	9085	1	1	0.262321	0.406525	1.648648	0.278057	1.558310	0.285862	2.017938	0.862695	0.088237	0.000000	0.000000	0.226757
sym2	9085	1	1	0.059494	0.114326	0.325321	0.090597	0.205701	0.164248	0.292163	0.135631	0.041702	0.000000	0.000000	0.226757
resting	9085	1	1	0.110260	0.461495	0.430710	0.223217	1.083296	0.199020	1.346949	0.149951	0.048658	0.000000	0.000000	0.135318
sym1	9085	2	1	0.089241	0.100014	0.329029	0.089407	0.184557	0.120566	0.293559	0.149546	0.047347	0.000000	0.000000	0.226757
sym2	9085	2	1	0.063507	0.095039	0.475322	0.155131	0.275312	0.202450	0.333560	0.241554	0.050699	0.000000	0.000000	0.226757
sym4	9085	2	1	0.094871	0.095856	0.265651	0.096735	0.190620	0.109686	0.215933	0.174898	0.040810	0.000000	0.000000	0.226757
resting	9085	2	1	0.087135	0.125793	0.650276	0.195433	0.396249	0.094524	0.746081	0.135498	0.035864	0.000000	0.000000	0.135318
grid1	9085	2	1	0.085137	0.118866	0.157787	0.200376	0.116781	0.149559	0.233041	0.142685	0.038628	0.000000	0.000000	0.226757
grid2	9085	2	1	0.140808	0.252297	0.475701	0.643068	0.832083	0.277407	1.028668	0.772762	0.046998	0.000000	0.000000	0.226757
grid3	9085	2	1	0.040589	0.115288	0.100132	0.072256	0.167269	0.120644	0.183107	0.115732	0.044085	0.000000	0.000000	0.226757
sym1	9116	1	1	0.158981	0.285729	1.532292	0.318788	0.895418	0.340136	1.532604	0.602350	0.092952	0.000000	0.000000	0.226757
sym2	9116	1	1	0.250473	0.476243	1.820954	0.683481	3.864766	0.350933	3.807987	1.230429	0.112873	0.000000	0.000000	0.226757
sym3	9116	1	1	0.323395	0.371453	1.310833	0.959236	0.755806	0.467552	1.539446	0.606828	0.134955	0.000000	0.000000	0.226757
sym4	9116	1	1	0.264717	0.211373	0.910641	1.028002	2.278963	0.634457	2.626722	0.821736	0.175267	0.000000	0.000000	0.226757
resting	9116	1	1	0.207375	0.407806	1.301799	0.521283	0.678860	0.525353	0.955060	0.469825	0.067417	0.000000	0.000000	0.135318
grid1	9116	1	1	0.095085	0.194428	0.427483	0.281223	0.595976	0.206562	0.527776	0.246152	0.066623	0.000000	0.000000	0.226757
grid2	9116	1	1	0.249687	0.495674	2.375541	0.733873	1.706686	0.497942	1.652061	1.390224	0.092844	0.000000	0.000000	0.226757
grid3	9116	1	1	0.265213	1.013115	1.394829	0.976517	3.456657	0.715427	4.119212	1.159961	0.125915	0.000000	0.000000	0.226757
sym1	9116	2	1	0.078392	1.042038	1.135338	0.283502	1.236925	0.277656	1.658438	0.463151	0.071445	0.000000	0.000000	0.226757
sym2	9116	2	1	0.102066	0.699165	0.710106	0.387260	0.891599	0.308651	1.133209	0.279878	0.066622	0.000000	0.000000	0.226757
sym3	9116	2	1	0.135856	1.669808	0.874832	0.323296	2.426670	0.410876	2.879293	0.986200	0.092367	0.000000	0.000000	0.226757
sym4	9116	2	1	0.103935	0.797127	0.683761	0.408695	1.064453	0.371874	1.505931	0.355226	0.067234	0.000000	0.000000	0.226757
resting	9116	2	1	0.088409	0.373085	1.042583	0.173574	0.655044	0.196587	0.984966	0.275370	0.064778	0.000000	0.000000	0.135318
grid1	9116	2	1	0.405739	0.861198	1.119900	1.430760	1.484901	0.606321	1.894693	1.658365	0.092661	1.000000	0.000000	0.453515
sym1	9119	1	1	0.084511	0.120277	0.141201	0.071604	0.106142	0.088392	0.166259	0.124035	0.033558	0.000000	0.000000	0.226757
sym2	9119	1	1	0.248207	0.292527	0.255112	0.118067	0.314333	0.304405	0.445181	0.224663	0.047314	0.000000	0.000000	0.226757
sym3	9119	1	1	0.370239	1.057678	0.984654	0.229357	1.261147	0.396942	1.331241	0.809990	0.081265	0.000000	0.000000	0.226757
sym4	9119	1	1	0.835709	2.826362	1.385044	0.447651	3.900768	0.805412	4.322483	2.070282	0.102381	2.000000	0.000000	0.680272
resting	9119	1	1	0.292572	0.591209	0.720348	0.212478	0.731109	0.305469	0.768664	0.533700	0.074376	0.000000	0.000000	0.135318
sym1	9119	2	1	0.121804	0.182427	0.621200	0.095101	0.251125	0.152408	0.425058	0.247382	0.064787	0.000000	0.000000	0.226757
sym2	9119	2	1	0.100471	0.116211	0.293374	0.081865	0.431797	0.133425	0.469706	0.229910	0.065791	0.000000	0.000000	0.226757
sym3	9119	2	1	0.340401	1.257309	1.241169	0.390082	3.802144	0.485739	4.516029	2.919208	0.098560	2.000000	0.000000	0.680272
sym4	9119	2	1	0.661949	0.517746	0.804951	0.288586	1.619778	0.811994	1.942978	1.397751	0.084492	0.000000	0.000000	0.226757
resting	9119	2	1	0.255287	0.381478	0.610378	0.122148	0.849180	0.335482	0.868412	0.251313	0.094997	0.000000	0.000000	0.135318
sym1	9128	1	1	3.202270	6.535172	5.302410	3.079212	11.019519	5.244803	13.867012	10.831270	1.470285	111.000000	4.000000	25.396825
sym2	9128	1	1	2.685631	3.698197	5.205795	11.988245	6.850930	4.702286	8.883920	8.341703	0.759910	49.000000	0.000000	11.337868
sym3	9128	1	1	2.068382	5.383927	4.865867	5.327556	11.526360	2.599991	11.983439	10.095677	0.933270	67.000000	12.000000	16.326531
sym4	9128	1	1	2.730309	9.785866	7.200302	4.646486	14.150966	4.248693	14.114195	9.502070	1.561201	149.000000	15.000000	34.920635
resting	9128	1	1	2.161049	5.479240	7.862607	5.249527	15.478231	3.235012	11.653017	11.760895	0.671354	55.000000	0.000000	13.114754
sym1	9142	1	1	0.154800	0.345215	1.004680	0.271215	1.340287	0.448785	1.277410	0.990893	0.064065	0.000000	0.000000	0.226757
sym2	9142	1	1	0.388130	1.644249	2.948402	1.333031	8.108035	0.790543	8.120575	4.336893	0.171600	6.000000	0.000000	1.587302
sym3	9142	1	1	0.259041	0.271896	1.837818	0.297636	1.091487	0.825313	1.244750	1.088991	0.076011	0.000000	0.000000	0.226757
sym4	9142	1	1	0.165359	0.237564	1.220283	0.167503	0.994173	0.505624	1.255964	1.027892	0.062059	0.000000	0.000000	0.226757
resting	9142	1	1	0.539154	1.190208	3.123718	0.568892	4.086598	1.869894	3.522777	1.849464	0.116046	3.000000	0.000000	0.541272
grid1	9142	1	1	0.203201	0.207000	0.384484	0.177548	0.290679	0.158823	0.347382	0.225224	0.071887	0.000000	0.000000	0.226757
grid2	9142	1	1	0.170647	0.300270	0.746521	0.140340	1.839420	0.556948	1.996379	0.486241	0.077706	0.000000	0.000000	0.226757
sym1	9142	2	1	0.158653	0.351540	0.909150	0.145507	0.564102	0.395188	0.954831	0.262862	0.059108	0.000000	0.000000	0.226757
sym2	9142	2	1	0.114532	0.464882	0.879734	0.152695	0.882568	0.186170	1.160033	0.416348	0.063810	0.000000	0.000000	0.226757
sym3	9142	2	1	0.328376	0.673744	0.889866	0.190970	1.076894	0.685257	1.299184	0.542771	0.099444	0.000000	0.000000	0.226757
sym4	9142	2	1	0.332237	0.744698	1.378151	0.466299	1.413471	0.601669	1.649019	0.596643	0.100816	0.000000	0.000000	0.226757
resting	9142	2	1	0.386910	0.483810	0.734157	0.180599	1.125801	0.467093	1.418437	0.206805	0.065273	0.000000	0.000000	0.135318
grid1	9142	2	1	0.092934	0.231674	0.660862	1.137686	0.527465	0.418110	1.174973	1.190531	0.066540	0.000000	0.000000	0.226757
grid2	9142	2	1	0.587898	1.425216	6.498398	0.657579	6.428739	0.833374	8.975036	5.124009	0.169767	3.000000	2.000000	1.133787
sym1	9162	1	1	2.761803	14.549351	13.413406	2.680815	19.341222	3.341067	15.840356	16.517308	0.842865	60.000000	10.000000	14.058957
sym1_redo	9162	1	1	0.235009	0.408478	0.224468	0.089563	0.401484	0.165556	0.565932	0.283473	0.062131	0.000000	0.000000	0.226757
sym2	9162	1	1	0.217659	0.142372	0.142899	0.099133	0.085324	0.112947	0.249680	0.202722	0.046056	0.000000	0.000000	0.226757
sym3	9162	1	1	0.364616	1.926773	0.524750	0.218241	1.351528	0.222774	2.168937	1.709157	0.116954	2.000000	0.000000	0.680272
sym4	9162	1	1	3.961075	9.656269	7.858116	2.149061	15.187003	4.791519	11.464738	5.417340	0.557466	33.000000	75.000000	22.222222
sym4_redo	9162	1	1	0.909424	1.187645	2.470405	0.203487	1.091267	0.748902	2.657653	1.178905	0.064594	0.000000	0.000000	0.226757
resting	9162	1	1	1.772049	1.889198	4.269364	0.902414	4.153171	1.635185	5.351520	2.515864	0.124807	4.000000	0.000000	0.676590
grid1	9162	1	1	0.415909	2.001114	0.638549	0.119112	1.772218	0.329740	2.588253	0.992739	0.075191	0.000000	0.000000	0.226757
sym1	9370	2	1	0.250672	0.239616	0.367069	0.545504	0.332624	0.185360	0.672263	0.418214	0.059557	0.000000	0.000000	0.226757
sym2	9370	2	1	0.293365	0.466324	0.800850	0.510013	0.983169	0.600264	1.413007	0.598397	0.077567	0.000000	0.000000	0.226757
sym3	9370	2	1	0.154449	0.399384	0.543671	0.275032	0.852772	0.207483	0.970129	0.364896	0.064363	0.000000	0.000000	0.226757
sym4	9370	2	1	0.212044	0.191422	0.360370	0.203987	0.308733	0.327993	0.517366	0.266141	0.058572	0.000000	0.000000	0.226757
resting	9370	2	1	0.206818	0.173416	0.890717	0.161531	0.286820	0.269140	0.863557	0.336091	0.097222	0.000000	0.000000	0.135318
grid1	9370	2	1	0.187683	0.175407	1.014507	0.400812	0.551162	0.243384	1.022085	0.409026	0.057328	0.000000	0.000000	0.226757
sym1	9472	1	1	0.164406	0.124916	0.618645	0.356575	0.590343	0.391575	0.609870	0.697565	0.057422	0.000000	0.000000	0.226757
sym2	9472	1	1	0.359268	0.521004	1.774422	0.991453	1.592289	1.054215	1.679992	1.240179	0.167516	0.000000	0.000000	0.226757
sym3	9472	1	1	0.559639	0.755172	1.675102	1.388006	2.374311	1.827786	2.416773	1.312757	0.109532	0.000000	0.000000	0.226757
sym4	9472	1	1	0.290756	0.950257	1.377853	1.052089	3.398615	1.477045	3.818482	1.690567	0.118150	1.000000	0.000000	0.453515
resting	9472	1	1	0.107750	0.096451	0.329453	0.313935	0.656616	0.226463	0.428110	0.219682	0.046653	0.000000	0.000000	0.135318
grid1	9472	1	1	0.317482	0.341385	2.268567	0.418131	0.957186	0.719550	1.853082	0.714283	0.097563	0.000000	0.000000	0.226757
sym1	9472	2	1	0.403534	0.278892	0.544837	0.310460	0.513964	0.633371	0.735416	0.327478	0.075055	0.000000	0.000000	0.226757
sym2	9472	2	1	0.415360	0.540078	1.267910	0.279475	1.186108	0.687880	1.193962	0.498960	0.078338	0.000000	0.000000	0.226757
sym3	9472	2	1	0.250512	0.277329	0.881405	0.211451	0.689570	0.389122	0.929935	0.433200	0.077290	0.000000	0.000000	0.226757
sym4	9472	2	1	0.266716	0.325394	0.461971	0.082208	0.661139	0.457247	0.824693	0.251576	0.060065	0.000000	0.000000	0.226757
grid1	9472	2	1	0.288673	0.247376	0.650120	0.212726	0.468084	0.414568	0.632032	0.328897	0.062973	0.000000	0.000000	0.226757
sym1	9477	1	1	0.146721	0.206849	0.422886	0.110271	0.590702	0.212303	0.728756	0.215169	0.068941	0.000000	0.000000	0.226757
sym2	9477	1	1	0.137490	0.167824	0.372280	0.090771	0.304281	0.224703	0.362090	0.173092	0.065358	0.000000	0.000000	0.226757
sym3	9477	1	1	0.139122	0.160798	0.406315	0.075344	0.496149	0.177122	0.595348	0.184550	0.055581	0.000000	0.000000	0.226757
sym4	9477	1	1	0.123321	0.258873	0.790672	0.183574	0.939695	0.260137	0.851695	0.622483	0.069286	0.000000	0.000000	0.226757
resting	9477	1	1	0.248451	0.492829	0.650582	0.133059	0.930564	0.245277	1.167148	0.468085	0.075769	0.000000	0.000000	0.135318
grid1	9477	1	1	0.062583	0.099213	0.260536	0.119687	0.446966	0.203831	0.536282	0.116119	0.048709	0.000000	0.000000	0.226757
grid2	9477	1	1	0.106270	0.269905	0.346722	0.244484	0.533642	0.416233	0.673647	0.181267	0.056130	0.000000	0.000000	0.226757
grid3	9477	1	1	0.087197	0.133164	0.352055	0.100778	0.685669	0.184841	0.712501	0.222366	0.050182	0.000000	0.000000	0.226757
grid4	9477	1	1	0.466789	0.752991	2.465531	1.319453	3.284021	2.790813	2.452132	2.840175	0.118682	5.000000	0.000000	1.360544
